start=881.881000
pause=yes
volume=64.000000
fullscreen=yes
sid=2
